  4.0  71  1
  2.2  57  0
    M  80  1
    M  75  1
    M  55  1
    M  60  0
  4.4  86  1
  4.3  77  1
  2.0  56  0
  4.8  81  1
  1.8  50  0
  5.5  89  1
  1.6  54  0
  4.9  90  1
  4.4  73  1
  1.8  60  0
  4.7  83  1
    M  65  0
  4.8  82  1
  4.2  84  1
  1.9  54  0
  5.0  85  1
    M  58  0
    M  79  1
    M  57  0
    M  88  1
  2.8  68  0
  4.5  76  1
  4.1  78  1
  3.7  74  1
  3.5  85  1
  4.5  75  1
  2.2  65  0
  4.9  76  1
  2.6  58  0
  4.2  91  1
  2.2  50  0
  4.8  87  1
  1.8  48  0
  4.6  93  1
  2.3  54  0
  4.1  86  1
    M  53  0
    M  78  1
    M  52  0
    M  83  1
  1.9  60  0
  4.3  87  1
  2.1  49  0
  4.5  80  1
  2.2  60  0
  4.0  92  1
  1.8  43  0
  4.3  89  1
  2.2  60  0
  4.5  84  1
  3.9  69  1
  3.3  74  1
  3.7  71  1
  4.0 108  1
  1.9  50  0
  5.3  77  1
    M  57  0
    M  80  1
    M  61  0
    M  82  1
    M  48  0
    M  81  1
  3.5  73  1
  2.2  62  0
  4.5  79  1
  2.0  54  0
  4.2  80  1
  4.2  73  1
  4.3  81  1
  1.9  62  0
  4.7  81  1
  3.8  71  1
  4.0  79  1
  4.2  81  1
  4.7  74  1
  1.8  59  0
    M  81  1
    M  66  M
    M  87  1
    M  53  0
  4.5  80  1
  2.1  50  0
  4.3  87  1
  1.9  51  0
  4.7  82  1
  1.7  58  0
  4.4  81  1
  1.8  49  0
  4.6  92  1
  1.9  50  0
  4.5  88  1
  1.6  62  0
  5.0  93  1
  1.8  56  0
  5.1  89  1
  1.6  51  0
  4.3  79  1
    M  58  0
    M  82  1
    M  52  0
  4.5  88  1
  2.0  52  0
    M  78  1
  2.9  69  0
  4.7  75  1
  3.9  77  1
  2.0  53  0
  4.1  80  1
  1.8  55  0
  4.7  87  1
  1.8  53  0
  4.7  85  1
  2.1  61  0
  4.8  93  1
  1.8  54  0
  4.1  76  1
  4.7  80  1
    M  81  1
    M  59  0
    M  86  1
    M  78  1
  4.2  71  1
  4.1  77  1
  3.9  76  1
  3.8  94  1
  4.4  75  1
  2.5  50  0
  4.2  83  1
  3.8  82  1
  4.3  72  1
  3.9  77  1
  4.7  75  1
  1.7  65  0
  5.0  79  1
  4.3  72  1
  4.6  78  1
    M  77  1
    M  79  1
    M  75  1
    M  78  1
  2.0  64  0
  4.6  80  1
  0.8  49  0
  4.9  88  1
  1.7  54  0
  4.6  85  1
  1.7  51  0
  4.8  96  1
  1.8  50  0
  4.5  80  1
  1.9  78  0
  4.5  81  1
  4.5  72  1
  4.0  75  1
  4.8  78  1
    M  87  1
    M  69  1
    M  55  0
    M  83  1
  1.9  49  0
  4.6  82  1
  2.0  57  0
  3.7  84  1
  2.9  57  0
  4.8  84  1
  3.4  73  1
  4.4  78  1
  1.8  57  0
  4.4  79  1
  2.5  57  0
  4.5  90  1
  2.1  62  0
  4.3  87  1
  4.3  78  1
  1.8  52  0
  4.9  98  1
  1.8  48  0
    M  78  1
    M  79  1
    M  65  1
  3.9  84  1
  1.9  50  0
  4.7  83  1
  2.0  60  0
  4.5  80  1
  1.9  50  0
  4.2  88  1
  1.9  50  0
  4.3  84  1
  3.3  74  1
  4.2  76  1
  1.9  65  0
  5.0  89  1
  1.9  49  0
  4.0  88  1
  2.0  51  0
  4.8  78  1
    M  85  1
    M  65  0
    M  75  1
    M  77  1
  2.4  69  0
  4.4  92  1
  4.2  68  1
  4.4  87  1
  2.0  61  0
  4.5  81  1
  1.8  55  0
  4.5  93  1
  1.6  53  0
  4.7  84  1
  2.6  70  0
  3.7  73  1
  4.2  93  1
  1.9  50  0
  4.4  87  1
    M  77  1
    M  74  1
    M  72  1
  4.2  82  1
  4.0  74  1
  4.1  80  1
  1.9  49  0
  4.5  91  1
  2.0  53  0
  4.2  86  1
  1.7  49  0
  4.5  79  1
  4.3  89  1
  4.0  87  1
  4.4  76  1
  2.0  59  0
  4.5  80  1
  4.3  89  1
  1.9  45  0
  4.4  93  1
    M  72  M
    M  71  1
    M  54  0
    M  79  1
  3.3  74  1
  1.8  65  0
  4.6  78  1
  1.8  57  0
  4.6  87  1
  4.6  72  1
  4.5  84  1
  1.9  47  0
  5.0  84  1
  2.0  57  0
  4.3  87  1
  4.2  68  1
  4.5  86  1
  4.4  75  1
  4.6  73  1
    M  53  0
    M  82  1
    M  93  1
  3.9  77  1
    M  54  0
  4.5  96  1
  1.8  48  0
  4.0  89  1
  2.8  63  0
  4.7  84  1
  4.0  76  1
  2.0  62  0
  5.0  83  1
  1.9  50  0
  4.8  85  1
    M  78  1
    M  78  1
    M  81  1
    M  78  1
    M  76  1
    M  74  1
    M  81  1
    M  66  0
    M  84  1
  1.9  48  0
  4.3  93  1
  1.7  47  0
  4.8  87  1
  2.0  51  0
  4.7  78  1
  1.9  54  0
  4.4  87  1
  2.1  52  0
  4.1  85  1
  2.1  58  0
    M  88  1
    M  79  1
